53467.70000 3.654265e-16 5.048553e-18 SDSS_g
53468.60000 4.006822e-16 5.535629e-18 SDSS_g
53472.60000 5.380220e-16 7.433048e-18 SDSS_g
53473.60000 5.701643e-16 7.877111e-18 SDSS_g
53474.60000 5.861382e-16 8.097798e-18 SDSS_g
53475.60000 5.829080e-16 8.053171e-18 SDSS_g
53476.60000 5.691150e-16 7.862614e-18 SDSS_g
53477.60000 5.520774e-16 7.627232e-18 SDSS_g
53478.60000 5.465124e-16 7.550347e-18 SDSS_g
53479.50000 5.485295e-16 7.578215e-18 SDSS_g
53480.50000 5.618236e-16 7.761880e-18 SDSS_g
53481.50000 5.765009e-16 7.964654e-18 SDSS_g
53482.50000 5.948398e-16 1.643603e-17 SDSS_g
53483.50000 6.474407e-16 8.944724e-18 SDSS_g
53484.60000 6.817105e-16 9.418179e-18 SDSS_g
53489.50000 9.935735e-16 1.372673e-17 SDSS_g
53490.50000 1.107643e-15 1.530266e-17 SDSS_g
53491.50000 1.206702e-15 1.667120e-17 SDSS_g
53493.50000 1.312200e-15 1.812871e-17 SDSS_g
53495.50000 1.406048e-15 1.942526e-17 SDSS_g
53496.50000 1.441451e-15 1.991439e-17 SDSS_g
53497.50000 1.452112e-15 2.006166e-17 SDSS_g
53499.40000 1.449439e-15 2.002474e-17 SDSS_g
53500.50000 1.404753e-15 1.940738e-17 SDSS_g
53501.50000 1.366470e-15 1.887848e-17 SDSS_g
53502.50000 1.332907e-15 1.841480e-17 SDSS_g
53503.50000 1.293004e-15 1.786352e-17 SDSS_g
53504.50000 1.253141e-15 1.731279e-17 SDSS_g
53506.50000 1.147097e-15 1.584773e-17 SDSS_g
53512.70000 8.128305e-16 1.122967e-17 SDSS_g
53516.40000 6.148936e-16 8.495070e-18 SDSS_g
53517.40000 5.675446e-16 1.515911e-17 SDSS_g
53520.50000 4.353114e-16 6.014049e-18 SDSS_g
53521.40000 4.145720e-16 8.400369e-18 SDSS_g
53529.50000 2.214114e-16 3.058912e-18 SDSS_g
53530.50000 2.108628e-16 4.078448e-18 SDSS_g
